20
20.025
20.05
20.075
20.1
20.125
20.15
20.175
20.2
20.225
20.25
20.275
20.3
20.325
20.35
20.375
20.4
20.425
20.45
20.475
20.5
20.525
20.55
20.575
20.6
20.625
20.65
20.675
20.7
20.725
20.75
20.775
20.8
20.825
20.85
20.875
20.9
20.925
20.95
20.975
21
21.025
21.05
21.075
21.1
21.125
21.15
21.175
21.2
21.225
21.25
21.275
21.3
21.325
21.35
21.375
21.4
21.425
21.45
21.475
21.5
21.525
21.55
21.575
21.6
21.625
21.65
21.675
21.7
21.725
21.75
21.775
21.8
21.825
21.85
21.875
21.9
21.925
21.95
21.975
22
22.025
22.05
22.075
22.1
22.125
22.15
22.175
22.2
22.225
22.25
22.275
22.3
22.325
22.35
22.375
22.4
22.425
22.45
22.475
22.5
22.525
22.55
22.575
22.6
22.625
22.65
22.675
22.7
22.725
22.75
22.775
22.8
22.825
22.85
22.875
22.9
22.925
22.95
22.975
23
23.025
23.05
23.075
23.1
23.125
23.15
23.175
23.2
23.225
23.25
23.275
23.3
23.325
23.35
23.375
23.4
23.425
23.45
23.475
23.5
23.525
23.55
23.575
23.6
23.625
23.65
23.675
23.7
23.725
23.75
23.775
23.8
23.825
23.85
23.875
23.9
23.925
23.95
23.975
24
24.025
24.05
24.075
24.1
24.125
24.15
24.175
24.2
24.225
24.25
24.275
24.3
24.325
24.35
24.375
24.4
24.425
24.45
24.475
24.5
24.525
24.55
24.575
24.6
24.625
24.65
24.675
24.7
24.725
24.75
24.775
24.8
24.825
24.85
24.875
24.9
24.925
24.95
24.975
25
25.025
25.05
25.075
25.1
25.125
25.15
25.175
25.2
25.225
25.25
25.275
25.3
25.325
25.35
25.375
25.4
25.425
25.45
25.475
25.5
25.525
25.55
25.575
25.6
25.625
25.65
25.675
25.7
25.725
25.75
25.775
25.8
25.825
25.85
25.875
25.9
25.925
25.95
25.975
26
26.025
26.05
26.075
26.1
26.125
26.15
26.175
26.2
26.225
26.25
26.275
26.3
26.325
26.35
26.375
